-27.071129707112974 1396.319018404908
-25.460251046025107 1193.8650306748468
-23.776150627615067 1009.8159509202455
-22.055439330543937 844.1717791411043
-20.188284518828453 689.5705521472394
-18.321129707112974 549.6932515337423
-16.34414225941423 424.5398773006136
-14.29393305439331 314.110429447853
-12.133891213389127 218.40490797546022
-9.937238493723854 144.7852760736198
-7.630753138075317 82.20858895705533
-5.21443514644352 38.036809815951074
-2.6882845188284605 8.588957055214678
-0.015690376569040154 1.2269938650308632
